0 0.960156 0.682813 0.0765625 0.096875 
0 0.517187 0.3875 0.121875 0.096875 
0 0.573438 0.903906 0.10625 0.114063 
0 0.754687 0.196094 0.078125 0.0828125 
0 0.419531 0.81875 0.0734375 0.0875 
0 0.488281 0.55 0.0796875 0.134375 
0 0.761719 0.909375 0.0921875 0.084375 
0 0.921094 0.909375 0.0703125 0.09375 
0 0.172656 0.609375 0.139062 0.084375 
0 0.919531 0.09375 0.101562 0.084375 
0 0.05625 0.034375 0.1125 0.06875 
0 0.0523437 0.928125 0.104687 0.08125 
0 0.270312 0.0273438 0.090625 0.0546875 
0 0.816406 0.749219 0.0921875 0.0703125 
0 0.949219 0.79375 0.0859375 0.08125 
0 0.159375 0.857031 0.0875 0.0703125 
0 0.0445312 0.772656 0.0859375 0.101562 
0 0.1625 0.0695312 0.096875 0.0765625 
0 0.469531 0.1 0.107813 0.078125 
0 0.482031 0.972656 0.104687 0.0546875 
0 0.501562 0.0445312 0.071875 0.0765625 
0 0.98125 0.610937 0.0375 0.084375 
0 0.155469 0.025 0.126563 0.05 
0 0.454688 0.503125 0.059375 0.06875 
0 0.9875 0.510938 0.025 0.0625 
