0 0.192188 0.0820312 0.115625 0.0828125 
0 0.3125 0.36875 0.08125 0.090625 
0 0.563281 0.0789063 0.0796875 0.0921875 
0 0.784375 0.25625 0.13125 0.08125 
0 0.805469 0.157813 0.126563 0.084375 
0 0.935938 0.59375 0.08125 0.0875 
0 0.64375 0.48125 0.11875 0.090625 
0 0.0679687 0.503906 0.129688 0.0921875 
0 0.0585938 0.354688 0.114063 0.09375 
0 0.479688 0.673437 0.075 0.084375 
0 0.333594 0.208594 0.0921875 0.101562 
0 0.875781 0.8625 0.0734375 0.06875 
0 0.95625 0.807031 0.08125 0.0796875 
0 0.741406 0.504687 0.0640625 0.071875 
0 0.4375 0.532812 0.084375 0.090625 
0 0.03125 0.954687 0.0625 0.090625 
0 0.153906 0.941406 0.0828125 0.0703125 
0 0.174219 0.617969 0.0640625 0.0609375 
0 0.561719 0.966406 0.135937 0.0640625 
0 0.141406 0.244531 0.0828125 0.0734375 
0 0.703125 0.414062 0.10625 0.071875 
0 0.496875 0.566406 0.075 0.0765625 
0 0.410937 0.249219 0.08125 0.0796875 
0 0.908594 0.985156 0.0640625 0.0296875 
0 0.972656 0.696875 0.0546875 0.090625 
0 0.791406 0.982813 0.120312 0.034375 
0 0.4125 0.886719 0.096875 0.101562 
0 0.08125 0.302344 0.06875 0.0703125 
0 0.540625 0.73125 0.103125 0.06875 
0 0.716406 0.0851562 0.0796875 0.0828125 
0 0.584375 0.775 0.08125 0.08125 
0 0.0390625 0.434375 0.0625 0.053125 
0 0.465625 0.975781 0.075 0.0484375 
0 0.682813 0.111719 0.08125 0.0828125 
