0 0.64375 0.413281 0.309375 0.123438 
0 0.0382813 0.942187 0.0765625 0.109375 
0 0.492188 0.0820312 0.0875 0.139062 
0 0.274219 0.702344 0.0921875 0.154687 
0 0.908594 0.508594 0.182812 0.139062 
0 0.926562 0.347656 0.146875 0.135937 
0 0.402344 0.192188 0.0984375 0.09375 
0 0.510938 0.359375 0.140625 0.09375 
0 0.365625 0.522656 0.08125 0.145313 
0 0.915625 0.221094 0.125 0.0796875 
0 0.18125 0.871875 0.1375 0.0875 
0 0.0492188 0.564844 0.0984375 0.273438 
0 0.505469 0.605469 0.0765625 0.0765625 
0 0.653906 0.0929687 0.242188 0.123438 
0 0.0539063 0.846094 0.0921875 0.0953125 
0 0.535156 0.222656 0.0953125 0.0828125 
0 0.821875 0.854688 0.24375 0.11875 
0 0.675 0.797656 0.15625 0.0921875 
0 0.445312 0.95625 0.09375 0.0875 
0 0.425 0.453125 0.0875 0.06875 
0 0.849219 0.658594 0.301562 0.126563 
0 0.878125 0.736719 0.084375 0.0734375 
