0 0.66875 0.171094 0.146875 0.164062 
0 0.585156 0.50625 0.182812 0.1 
0 0.33125 0.516406 0.1375 0.110937 
0 0.8375 0.790625 0.1 0.0875 
0 0.819531 0.907812 0.148438 0.09375 
0 0.884375 0.366406 0.128125 0.170312 
0 0.0703125 0.0328125 0.0875 0.065625 
0 0.6875 0.808594 0.103125 0.0828125 
0 0.289844 0.174219 0.0890625 0.104687 
0 0.85 0.132031 0.103125 0.0921875 
0 0.386719 0.215625 0.104687 0.1625 
0 0.691406 0.610937 0.114063 0.096875 
0 0.124219 0.776563 0.123438 0.209375 
0 0.928125 0.698438 0.1125 0.09375 
0 0.717188 0.939844 0.084375 0.0828125 
0 0.244531 0.960156 0.0984375 0.0796875 
0 0.0273438 0.432813 0.0546875 0.115625 
