0 0.664062 0.165625 0.121875 0.140625 
0 0.819531 0.66875 0.104687 0.1 
0 0.282813 0.863281 0.1125 0.0890625 
0 0.954687 0.260938 0.0875 0.121875 
0 0.0859375 0.084375 0.1375 0.1 
0 0.214844 0.361719 0.126563 0.0984375 
0 0.0796875 0.647656 0.115625 0.135937 
0 0.344531 0.125781 0.0859375 0.117188 
0 0.185937 0.138281 0.0875 0.0953125 
0 0.644531 0.744531 0.107813 0.129688 
0 0.527344 0.545313 0.148438 0.184375 
0 0.192969 0.946875 0.114063 0.10625 
0 0.436719 0.8625 0.104687 0.10625 
0 0.180469 0.670313 0.0890625 0.11875 
0 0.359375 0.642187 0.109375 0.09375 
0 0.922656 0.766406 0.0765625 0.0828125 
0 0.365625 0.470313 0.159375 0.090625 
0 0.05625 0.774219 0.1125 0.0671875 
0 0.427344 0.378125 0.148438 0.096875 
0 0.0476562 0.442187 0.0953125 0.11875 
0 0.635156 0.415625 0.0859375 0.175 
0 0.55 0.422656 0.075 0.0703125 
0 0.602344 0.632812 0.0890625 0.128125 
0 0.792969 0.429688 0.148438 0.121875 
0 0.953125 0.892969 0.090625 0.198437 
0 0.252344 0.59375 0.110937 0.0875 
0 0.496094 0.228906 0.107813 0.101562 
0 0.461719 0.304688 0.120312 0.09375 
0 0.984375 0.5375 0.03125 0.08125 
