0 0.924219 0.36875 0.0984375 0.0875 
0 0.03125 0.479688 0.0625 0.075 
0 0.64375 0.0742188 0.084375 0.0734375 
0 0.41875 0.673437 0.096875 0.109375 
0 0.957812 0.128125 0.071875 0.08125 
0 0.536719 0.814062 0.0859375 0.090625 
0 0.126563 0.132031 0.153125 0.104687 
0 0.746094 0.852344 0.107813 0.0984375 
0 0.378125 0.028125 0.065625 0.05625 
0 0.271875 0.853125 0.1125 0.078125 
0 0.330469 0.342969 0.0796875 0.101562 
0 0.514844 0.309375 0.0953125 0.090625 
0 0.7 0.7375 0.075 0.1125 
0 0.7125 0.621875 0.10625 0.146875 
0 0.210156 0.589844 0.139062 0.110937 
0 0.2875 0.420312 0.096875 0.19375 
0 0.711719 0.510156 0.0984375 0.114063 
0 0.151562 0.819531 0.090625 0.0859375 
0 0.236719 0.510938 0.0953125 0.09375 
0 0.246875 0.703906 0.090625 0.0796875 
