0 0.117188 0.078125 0.096875 0.15625 
0 0.638281 0.942969 0.0796875 0.107813 
0 0.075 0.517187 0.096875 0.153125 
0 0.617188 0.175781 0.11875 0.145313 
0 0.485156 0.877344 0.0859375 0.0953125 
0 0.607031 0.610156 0.114063 0.182812 
0 0.276563 0.865625 0.096875 0.078125 
0 0.758594 0.807813 0.0640625 0.1 
0 0.11875 0.867969 0.128125 0.0734375 
0 0.23125 0.65 0.09375 0.18125 
0 0.305469 0.151562 0.129688 0.134375 
0 0.14375 0.639844 0.115625 0.0671875 
0 0.633594 0.817969 0.0890625 0.107813 
0 0.347656 0.885938 0.0796875 0.09375 
0 0.327344 0.03125 0.0765625 0.0625 
0 0.395312 0.55625 0.090625 0.075 
0 0.842188 0.671094 0.0875 0.129688 
