0 0.777344 0.735937 0.0828125 0.08125 
0 0.311719 0.792188 0.110937 0.075 
0 0.610937 0.0773437 0.078125 0.0828125 
0 0.927344 0.229687 0.0921875 0.115625 
0 0.622656 0.300781 0.0828125 0.120312 
0 0.107813 0.594531 0.178125 0.101562 
0 0.021875 0.817187 0.04375 0.078125 
0 0.792188 0.521094 0.115625 0.0921875 
0 0.0601562 0.917969 0.0796875 0.142188 
0 0.678125 0.698438 0.09375 0.071875 
0 0.475 0.15 0.10625 0.075 
0 0.7125 0.192969 0.08125 0.179688 
0 0.4875 0.832031 0.078125 0.0828125 
0 0.485156 0.503125 0.107813 0.103125 
0 0.350781 0.264062 0.110937 0.190625 
0 0.207813 0.921875 0.084375 0.084375 
0 0.544531 0.327344 0.0890625 0.129688 
0 0.810938 0.264062 0.071875 0.1 
0 0.853906 0.207813 0.0703125 0.109375 
0 0.565625 0.536719 0.096875 0.0671875 
