0 0.408594 0.0492188 0.0765625 0.0984375 
0 0.832031 0.885938 0.164062 0.15625 
0 0.942969 0.166406 0.107813 0.0921875 
0 0.639063 0.464844 0.08125 0.0890625 
0 0.526563 0.625781 0.09375 0.126563 
0 0.30625 0.707812 0.090625 0.159375 
0 0.525 0.463281 0.11875 0.145313 
0 0.141406 0.865625 0.129688 0.1625 
0 0.136719 0.666406 0.0796875 0.145313 
0 0.341406 0.321875 0.0828125 0.075 
0 0.601562 0.346094 0.109375 0.107813 
0 0.603906 0.89375 0.114063 0.1625 
0 0.74375 0.502344 0.134375 0.0828125 
0 0.0734375 0.45 0.146875 0.096875 
0 0.967188 0.0460938 0.0625 0.0828125 
0 0.0695312 0.366406 0.110937 0.0703125 
0 0.325 0.857813 0.103125 0.075 
0 0.754687 0.335156 0.10625 0.0828125 
0 0.0226563 0.789062 0.0453125 0.08125 
0 0.0375 0.504687 0.0625 0.08125 
0 0.817969 0.742969 0.0953125 0.0921875 
0 0.804688 0.0867188 0.090625 0.0984375 
0 0.0648438 0.674219 0.0828125 0.0734375 
0 0.444531 0.257031 0.0859375 0.0765625 
