0 0.960156 0.514844 0.0796875 0.170312 
0 0.0328125 0.878125 0.065625 0.109375 
0 0.275 0.353906 0.121875 0.0984375 
0 0.728906 0.241406 0.104687 0.0890625 
0 0.582031 0.320312 0.101562 0.103125 
0 0.214844 0.789844 0.154687 0.117188 
0 0.0335938 0.0320312 0.0671875 0.0640625 
0 0.489062 0.385938 0.096875 0.178125 
0 0.361719 0.497656 0.142188 0.0953125 
0 0.692969 0.152344 0.0734375 0.0859375 
0 0.130469 0.5 0.132812 0.096875 
0 0.1875 0.282031 0.071875 0.0859375 
0 0.907812 0.697656 0.0875 0.139062 
0 0.634375 0.750781 0.090625 0.0796875 
0 0.296094 0.680469 0.0921875 0.0796875 
0 0.841406 0.440625 0.0921875 0.09375 
0 0.527344 0.824219 0.120312 0.0921875 
0 0.433594 0.200781 0.0671875 0.0640625 
0 0.7875 0.632812 0.1 0.134375 
0 0.158594 0.636719 0.0640625 0.0640625 
0 0.571875 0.4375 0.071875 0.09375 
0 0.435156 0.73125 0.0890625 0.125 
0 0.561719 0.046875 0.101562 0.09375 
0 0.119531 0.83125 0.0578125 0.05625 
0 0.33125 0.59375 0.075 0.08125 
0 0.165625 0.56875 0.078125 0.065625 
0 0.717969 0.614844 0.0828125 0.126563 
